
 n_tracks1 is 
81
 tracks1 is 
[[ 1.      0.      8.    ]
 [ 2.      0.1     8.0021]
 [ 3.      0.2     7.9888]
 [ 4.      0.3     7.9607]
 [ 5.      0.4     7.9184]
 [ 6.      0.5     7.8625]
 [ 7.      0.6     7.7936]
 [ 8.      0.7     7.7123]
 [ 9.      0.8     7.6192]
 [10.      0.9     7.5149]
 [11.      1.      7.4   ]
 [12.      1.1     7.2751]
 [13.      1.2     7.1408]
 [14.      1.3     6.9977]
 [15.      1.4     6.8464]
 [16.      1.5     6.6875]
 [17.      1.6     6.5216]
 [18.      1.7     6.3493]
 [19.      1.8     6.1712]
 [20.      1.9     5.9879]
 [21.      2.      5.8   ]
 [22.      2.1     5.6081]
 [23.      2.2     5.4128]
 [24.      2.3     5.2147]
 [25.      2.4     5.0144]
 [26.      2.5     4.8125]
 [27.      2.6     4.6096]
 [28.      2.7     4.4063]
 [29.      2.8     4.2032]
 [30.      2.9     4.0009]
 [31.      3.      3.8   ]
 [32.      3.1     3.6011]
 [33.      3.2     3.4048]
 [34.      3.3     3.2117]
 [35.      3.4     3.0224]
 [36.      3.5     2.8375]
 [37.      3.6     2.6576]
 [38.      3.7     2.4833]
 [39.      3.8     2.3152]
 [40.      3.9     2.1539]
 [41.      4.      2.    ]
 [42.      4.1     1.8541]
 [43.      4.2     1.7168]
 [44.      4.3     1.5887]
 [45.      4.4     1.4704]
 [46.      4.5     1.3625]
 [47.      4.6     1.2656]
 [48.      4.7     1.1803]
 [49.      4.8     1.1072]
 [50.      4.9     1.0469]
 [51.      5.      1.    ]
 [52.      5.1     0.9671]
 [53.      5.2     0.9488]
 [54.      5.3     0.9457]
 [55.      5.4     0.9584]
 [56.      5.5     0.9875]
 [57.      5.6     1.0336]
 [58.      5.7     1.0973]
 [59.      5.8     1.1792]
 [60.      5.9     1.2799]
 [61.      6.      1.4   ]
 [62.      6.1     1.5401]
 [63.      6.2     1.7008]
 [64.      6.3     1.8827]
 [65.      6.4     2.0864]
 [66.      6.5     2.3125]
 [67.      6.6     2.5616]
 [68.      6.7     2.8343]
 [69.      6.8     3.1312]
 [70.      6.9     3.4529]
 [71.      7.      3.8   ]
 [72.      7.1     4.1731]
 [73.      7.2     4.5728]
 [74.      7.3     4.9997]
 [75.      7.4     5.4544]
 [76.      7.5     5.9375]
 [77.      7.6     6.4496]
 [78.      7.7     6.9913]
 [79.      7.8     7.5632]
 [80.      7.9     8.1659]
 [81.      8.      8.8   ]]
 n_tracks2 is 
78
 tracks2 is 
[[ 1.          7.3        21.34764123]
 [ 2.          7.4        21.30146094]
 [ 3.          7.5        21.24127005]
 [ 4.          7.6        21.16768603]
 [ 5.          7.7        21.08132633]
 [ 6.          7.8        20.98280848]
 [ 7.          7.9        20.87275001]
 [ 8.          8.         20.75176849]
 [ 9.          8.1        20.62048151]
 [10.          8.2        20.47950672]
 [11.          8.3        20.32946175]
 [12.          8.4        20.17096431]
 [13.          8.5        20.00463212]
 [14.          8.6        19.83108291]
 [15.          8.7        19.65093449]
 [16.          8.8        19.46480465]
 [17.          8.9        19.27331123]
 [18.          9.         19.07707212]
 [19.          9.1        18.87670521]
 [20.          9.2        18.67282844]
 [21.          9.3        18.46605978]
 [22.          9.4        18.25701721]
 [23.          9.5        18.04631877]
 [24.          9.6        17.83458252]
 [25.          9.7        17.62242654]
 [26.          9.8        17.41046896]
 [27.          9.9        17.19932792]
 [28.         10.         16.98962162]
 [29.         10.1        16.78196827]
 [30.         10.2        16.57698611]
 [31.         10.3        16.37529342]
 [32.         10.4        16.17750851]
 [33.         10.5        15.98424973]
 [34.         10.6        15.79613544]
 [35.         10.7        15.61378406]
 [36.         10.8        15.43781402]
 [37.         10.9        15.26884378]
 [38.         11.         15.10749186]
 [39.         11.1        14.95437678]
 [40.         11.2        14.8101171 ]
 [41.         11.3        14.67533144]
 [42.         11.4        14.55063842]
 [43.         11.5        14.43665669]
 [44.         11.6        14.33400496]
 [45.         11.7        14.24330196]
 [46.         11.8        14.16516644]
 [47.         11.9        14.1002172 ]
 [48.         12.         14.04907306]
 [49.         12.1        14.01235289]
 [50.         12.2        13.99067557]
 [51.         12.3        13.98466003]
 [52.         12.4        13.99492523]
 [53.         12.5        14.02209016]
 [54.         12.6        14.06677385]
 [55.         12.7        14.12959534]
 [56.         12.8        14.21117374]
 [57.         12.9        14.31212816]
 [58.         13.         14.43307777]
 [59.         13.1        14.57464175]
 [60.         13.2        14.73743933]
 [61.         13.3        14.92208978]
 [62.         13.4        15.12921238]
 [63.         13.5        15.35942645]
 [64.         13.6        15.61335137]
 [65.         13.7        15.89160653]
 [66.         13.8        16.19481134]
 [67.         13.9        16.52358529]
 [68.         14.         16.87854785]
 [69.         14.1        17.26031858]
 [70.         14.2        17.66951702]
 [71.         14.3        18.10676279]
 [72.         14.4        18.57267551]
 [73.         14.5        19.06787486]
 [74.         14.6        19.59298054]
 [75.         14.7        20.14861229]
 [76.         14.8        20.73538989]
 [77.         14.9        21.35393313]
 [78.         15.         22.00486188]]
 Ftres is 
[[-1.81359412e-02 -2.42103854e-02  1.25352989e-02]
 [ 2.32863488e-02 -5.79140054e-05 -2.51859185e-02]
 [-6.84165099e-02  2.11819545e-01  1.09058942e-01]]
 offset2 is 
-0.0292386601299693